python-3.6.6-5.el7.x86_64
radicale-2.1.10-4.el7.x86_64
curl-7.60.0-2.el7.x86_64
texlive-pdftex-bin-svn27321.0-38.20130427_r30134.el7.x86_64
pcre-0:8.32-15.el7_2.1.x86_64
glibc-0:2.17-55.el7_0.3.i686
bash-0:4.2.46-29.el7_4.x86_64
libselinux-0:2.2.2-6.el7.x86_64
basesystem-0:10.0-7.el7.noarch
tzdata-0:2014g-1.el7.noarch
pcre-0:8.32-15.el7_2.1.i686
libstdc++-0:4.8.2-16.2.el7_0.x86_64
libgcc-0:4.8.2-16.2.el7_0.x86_64
nss-softokn-freebl-0:3.16.2.3-9.el7.x86_64
setup-0:2.8.71-4.el7.noarch
ncurses-base-0:5.9-13.20130511.el7.noarch
zlib-0:1.2.7-13.el7.x86_64
glibc-0:2.17-106.el7_2.1.x86_64
filesystem-0:3.2-21.el7.x86_64
redhat-release-server-0:7.3-7.el7.x86_64
libsepol-0:2.5-6.el7.x86_64
ncurses-libs-0:5.9-14.20130511.el7_4.x86_64
libgcc-0:4.8.3-9.el7.i686
info-0:5.1-4.el7.x86_64
glibc-common-0:2.17-78.el7.x86_64
